   0.0000000e+00   0.0000000e+00
   1.0000000e-01   5.2443609e-02
   2.0000000e-01   2.0406554e-01
   3.0000000e-01   4.5126347e-01
   4.0000000e-01   7.8741102e-01
   5.0000000e-01   1.2131699e+00
   6.0000000e-01   1.7292535e+00
   7.0000000e-01   2.3369206e+00
   8.0000000e-01   3.0318603e+00
   9.0000000e-01   3.8146372e+00
   1.0000000e+00   4.7070598e+00
   1.1000000e+00   5.6920810e+00
   1.2000000e+00   6.8023107e+00
   1.3000000e+00   8.0318335e+00
   1.4000000e+00   9.3570834e+00
   1.5000000e+00   1.0784978e+01
   1.6000000e+00   1.2300808e+01
   1.7000000e+00   1.3900928e+01
   1.8000000e+00   1.5586080e+01
   1.9000000e+00   1.7370690e+01
   2.0000000e+00   1.9240196e+01
   2.1000000e+00   2.1207706e+01
   2.2000000e+00   2.3250018e+01
   2.3000000e+00   2.5346338e+01
   2.4000000e+00   2.7520639e+01
   2.5000000e+00   2.9779619e+01
   2.6000000e+00   3.2128834e+01
   2.7000000e+00   3.4553483e+01
   2.8000000e+00   3.7060728e+01
   2.9000000e+00   3.9634524e+01
   3.0000000e+00   4.2265757e+01
   3.1000000e+00   4.4953360e+01
   3.2000000e+00   4.7692717e+01
   3.3000000e+00   5.0500809e+01
   3.4000000e+00   5.3388753e+01
   3.5000000e+00   5.6360062e+01
   3.6000000e+00   5.9411287e+01
   3.7000000e+00   6.2526391e+01
   3.8000000e+00   6.5713172e+01
   3.9000000e+00   6.8944066e+01
   4.0000000e+00   7.2228941e+01
   4.1000000e+00   7.5580510e+01
   4.2000000e+00   7.8989234e+01
   4.3000000e+00   8.2457967e+01
   4.4000000e+00   8.5964076e+01
   4.5000000e+00   8.9529581e+01
   4.6000000e+00   9.3151536e+01
   4.7000000e+00   9.6820900e+01
   4.8000000e+00   1.0053387e+02
   4.9000000e+00   1.0429467e+02
   5.0000000e+00   1.0807933e+02
   5.1000000e+00   1.1190148e+02
   5.2000000e+00   1.1576998e+02
   5.3000000e+00   1.1968962e+02
   5.4000000e+00   1.2362707e+02
   5.5000000e+00   1.2756486e+02
   5.6000000e+00   1.3152265e+02
   5.7000000e+00   1.3550336e+02
   5.8000000e+00   1.3953899e+02
   5.9000000e+00   1.4359710e+02
   6.0000000e+00   1.4770558e+02
   6.1000000e+00   1.5185099e+02
   6.2000000e+00   1.5603717e+02
   6.3000000e+00   1.6026750e+02
   6.4000000e+00   1.6453105e+02
   6.5000000e+00   1.6882957e+02
   6.6000000e+00   1.7314395e+02
   6.7000000e+00   1.7748619e+02
   6.8000000e+00   1.8186138e+02
   6.9000000e+00   1.8627117e+02
   7.0000000e+00   1.9071558e+02
   7.1000000e+00   1.9517792e+02
   7.2000000e+00   1.9967195e+02
   7.3000000e+00   2.0420925e+02
   7.4000000e+00   2.0876253e+02
   7.5000000e+00   2.1331160e+02
   7.6000000e+00   2.1786437e+02
   7.7000000e+00   2.2241639e+02
   7.8000000e+00   2.2697030e+02
   7.9000000e+00   2.3154321e+02
   8.0000000e+00   2.3613637e+02
   8.1000000e+00   2.4076363e+02
   8.2000000e+00   2.4542570e+02
   8.3000000e+00   2.5011573e+02
   8.4000000e+00   2.5483656e+02
   8.5000000e+00   2.5954842e+02
   8.6000000e+00   2.6425505e+02
   8.7000000e+00   2.6897715e+02
   8.8000000e+00   2.7372230e+02
   8.9000000e+00   2.7849311e+02
   9.0000000e+00   2.8328200e+02
   9.1000000e+00   2.8809833e+02
   9.2000000e+00   2.9294195e+02
   9.3000000e+00   2.9779931e+02
   9.4000000e+00   3.0265363e+02
   9.5000000e+00   3.0752202e+02
   9.6000000e+00   3.1238817e+02
   9.7000000e+00   3.1724702e+02
   9.8000000e+00   3.2209662e+02
   9.9000000e+00   3.2695960e+02
   1.0000000e+01   3.3184861e+02
   1.0100000e+01   3.3674840e+02
   1.0200000e+01   3.4164713e+02
   1.0300000e+01   3.4655587e+02
   1.0400000e+01   3.5149761e+02
   1.0500000e+01   3.5647523e+02
   1.0600000e+01   3.6144726e+02
   1.0700000e+01   3.6644001e+02
   1.0800000e+01   3.7144221e+02
   1.0900000e+01   3.7646313e+02
   1.1000000e+01   3.8148375e+02
   1.1100000e+01   3.8652314e+02
   1.1200000e+01   3.9157258e+02
   1.1300000e+01   3.9662740e+02
   1.1400000e+01   4.0166042e+02
   1.1500000e+01   4.0668171e+02
   1.1600000e+01   4.1170173e+02
   1.1700000e+01   4.1672115e+02
   1.1800000e+01   4.2173951e+02
   1.1900000e+01   4.2677338e+02
   1.2000000e+01   4.3180995e+02
   1.2100000e+01   4.3687882e+02
   1.2200000e+01   4.4197606e+02
   1.2300000e+01   4.4707935e+02
   1.2400000e+01   4.5218349e+02
   1.2500000e+01   4.5728007e+02
   1.2600000e+01   4.6238258e+02
   1.2700000e+01   4.6747652e+02
   1.2800000e+01   4.7255925e+02
   1.2900000e+01   4.7763514e+02
   1.3000000e+01   4.8271316e+02
   1.3100000e+01   4.8779090e+02
   1.3200000e+01   4.9288673e+02
   1.3300000e+01   4.9797361e+02
   1.3400000e+01   5.0305293e+02
   1.3500000e+01   5.0812792e+02
   1.3600000e+01   5.1321635e+02
   1.3700000e+01   5.1831138e+02
   1.3800000e+01   5.2342149e+02
   1.3900000e+01   5.2851684e+02
   1.4000000e+01   5.3360604e+02
   1.4100000e+01   5.3869345e+02
   1.4200000e+01   5.4377574e+02
   1.4300000e+01   5.4885642e+02
   1.4400000e+01   5.5395199e+02
   1.4500000e+01   5.5904186e+02
   1.4600000e+01   5.6414519e+02
   1.4700000e+01   5.6926096e+02
   1.4800000e+01   5.7438093e+02
   1.4900000e+01   5.7950706e+02
   1.5000000e+01   5.8461870e+02
